sample,t_ms,t_s,ax,ay,az,gx,gy,gz,tremor
0,6972880,0.0,-0.3965015552377897,-0.40749670796765675,-0.835208616109697,-2.3846288660239057,-4.299059133765143,4.067320244188781,tremor
1,6972885,0.005,-0.3972374497858183,-0.40720573678361177,-0.8357545038459906,-2.496575887903036,-2.944789407779108,4.012049235502029,tremor
2,6972890,0.01,-0.39829561686280285,-0.4068030252544091,-0.83650113010551,-2.6012374696339653,-1.5984281906930065,3.955533723480072,tremor
3,6972915,0.035,-0.3997291095938674,-0.40627982908985205,-0.8374582976604918,-2.6984071974894173,-0.2649407481420012,3.896640159083113,tremor
4,6972920,0.04,-0.40154036681532035,-0.40564848200754855,-0.838595951122724,-2.787958522237447,1.050525980316181,3.8341305889172874,tremor
5,6972925,0.045,-0.4037000900431331,-0.4049328440943743,-0.8398632531064587,-2.8698487549392744,2.3426464583465156,3.766668959103065,tremor
6,6972930,0.05,-0.4061682307172351,-0.40415927112023736,-0.8412058689835882,-2.9441223713363356,3.6059200054626106,3.6928289288419776,tremor
7,6972935,0.055,-0.4089066857031079,-0.4033517211656805,-0.8425750012505905,-3.010913570677747,4.834674798298695,3.611103186217117,tremor
8,6972939,0.059,-0.41188433572207955,-0.40253016993610946,-0.8439300702904822,-3.070448046650377,6.023072607089023,3.5199142399213725,tremor
9,6972945,0.065,-0.41507762166221635,-0.40171075786111005,-0.8452381754022678,-3.1230439394548872,7.165114460995556,3.417626641857497,tremor
10,6972954,0.074,-0.4184692394009209,-0.4009065515088356,-0.8464724811053158,-3.169111947951581,8.25464743583082,3.3025605760992014,tremor
11,6972959,0.079,-0.42204637752475443,-0.400128360835744,-0.8476105686518008,-3.2091545885789534,9.285372751737746,3.173006728950268,tremor
12,6972964,0.084,-0.42579910315227393,-0.3993854067176486,-0.848633116416993,-3.2437645934113486,10.25085536013355,3.0272423326988873,tremor
13,6972973,0.093,-0.4297190735639174,-0.3986858012241585,-0.8495229599504072,-3.273622444127913,11.144535194609622,2.863548252308398,tremor
14,6972978,0.098,-0.43379857117054366,-0.39803686557301426,-0.850264471291749,-3.299493043427029,11.95974026601564,2.680226959550934,tremor
15,6972983,0.103,-0.4380298020539467,-0.3974453250785949,-0.8508431754620875,-3.32222153249916,12.689701803034083,2.475621212198742,tremor
16,6972988,0.108,-0.442404392335839,-0.39691741689561844,-0.8512455322866702,-3.3427282743178814,13.327571679977362,2.2481332260150078,tremor
17,6972992,0.112,-0.44691302785297604,-0.3964589382352345,-0.8514588292269637,-3.362003038655372,13.866442434674958,1.9962440944133117,tremor
18,6972997,0.117,-0.4515451969083559,-0.3960752549310257,-0.8514711468784693,-3.3810984459478277,14.29937025863486,1.7185331756319384,tremor
19,6973002,0.122,-0.45628900833552594,-0.3957712841249198,-0.8512713710200026,-3.401122753232031,14.619401432810047,1.4136971313138524,tremor
20,6973007,0.127,-0.46113106665215786,-0.39555146047208245,-0.8508492337370189,-3.4232320960807434,14.819602777024558,1.0805682651260629,tremor
21,6973011,0.131,-0.4660563929327928,-0.39541969228813867,-0.8501953719750277,-3.4486223349932543,14.89309677148725,0.7181317779667503,tremor
22,6973042,0.162,-0.47104838478440847,-0.3953793121020307,-0.8493013957083444,-3.4785206913328715,14.833102087650612,0.3255415305633011,tremor
23,6973052,0.172,-0.4760888120221702,-0.3954330248197393,-0.8481599603708444,-3.5141773933590637,14.632980322528988,-0.09786611143536027,tremor
24,6973056,0.176,-0.48115784673843404,-0.39558285591260595,-0.8467648397513298,-3.556857581188871,14.28628974587238,-0.5525607755430708,tremor
25,6973061,0.181,-0.4862341277124547,-0.39583010154780146,-0.8451109965294805,-3.6078337327535337,13.786846818182864,-1.0388093298360064,tremor
26,6973066,0.186,-0.4912948596986038,-0.3961752822558351,-0.8431946482401967,-3.6683788656427008,13.128796106182158,-1.5566702436952775,tremor
27,6973071,0.191,-0.4963159481945719,-0.3966181014997551,-0.8410133268523035,-3.7397607432938953,12.306689021313831,-2.105991364626244,tremor
28,6973075,0.195,-0.5012721699568733,-0.39715741032423385,-0.8385659304277674,-3.823237274650046,11.315571559686513,-2.686411339927223,tremor
29,6973085,0.205,-0.5061373789172569,-0.39779117909385314,-0.8358527655500124,-3.920053251228412,10.151080946410337,-3.2973648303160337,tremor
30,6973090,0.21,-0.5108847463587441,-0.39851647716573235,-0.8328755794122438,-4.0314385191799795,8.809550788781422,-3.9380915747194067,tremor
31,6973095,0.215,-0.5154870333130522,-0.39932946117713075,-0.8296375806620748,-4.158607638105669,7.2881240176020645,-4.607649270269457,tremor
32,6973104,0.224,-0.5199168922068662,-0.4002253724636577,-0.8261434483205108,-4.302761032738529,5.584872537212728,-5.30493012758348,tremor
33,6973114,0.234,-0.5241471938639246,-0.4011985439604834,-0.8223993283372222,-4.465087596264579,3.698922106717081,-6.02868084824835,tremor
34,6973119,0.239,-0.5281513750976691,-0.4022424167795803,-0.8184128176095704,-4.646768651628772,1.630580533765305,-6.777525650711712,tremor
35,6973124,0.244,-0.5319038013224345,-0.4033495665006059,-0.8141929355751337,-4.848983114897685,-0.6185332245715677,-7.549991845818049,tremor
36,6973133,0.253,-0.5353801378729198,-0.4045117390587792,-0.8097500837795993,-5.072913628519677,-3.0453619913405494,-8.34453733786423,tremor
37,6973160,0.28,-0.5385577230472282,-0.40571989595487684,-0.8050959941171664,-5.319753341349085,-5.6452888312989495,-9.159579305146915,tremor
38,6973165,0.285,-0.541415935278897,-0.4069642683450958,-0.8002436667319245,-5.59071291102924,-8.41202510104008,-9.993523202403894,tremor
39,6973170,0.29,-0.5439365463251912,-0.40823441939090244,-0.7952072988445326,-5.887027203555209,-11.337512606917326,-10.844791141353443,tremor
40,6973175,0.295,-0.5461040519968818,-0.4095193140679935,-0.7900022060104976,-6.209961079857231,-14.411844653704444,-11.71184866587918,tremor
41,6973180,0.3,-0.5479059718322441,-0.41080739546378875,-0.784644737503243,-6.5608136033863,-17.62321075581351,-12.593228959689405,tremor
42,6973185,0.305,-0.5493331093037475,-0.41208666645187325,-0.779152187630521,-6.940919982168208,-20.957869492142013,-13.48755360446123,tremor
43,6973190,0.31,-0.550379764675619,-0.413344775534023,-0.773542704828322,-7.351650575107727,-24.400153457448514,-14.393549132734389,tremor
44,6973200,0.32,-0.5510438935120395,-0.41456910559496685,-0.7678352003296909,-7.794406347554416,-27.932509539106494,-15.310058779861338,tremor
45,6973205,0.325,-0.5513272050607811,-0.4157468643263225,-0.7620492580753799,-8.270610259002622,-31.535576853439988,-16.23604902461146,tremor
46,6973209,0.329,-0.5512351962856721,-0.41686517514582977,-0.7562050473152666,-8.781694208633265,-35.18830363246353,-17.1706107103335,tremor
47,6973214,0.334,-0.5507771191567828,-0.4179111675653798,-0.7503232390383583,-9.329081349432146,-38.868103192337394,-18.112954747930186,tremor
48,6973219,0.339,-0.5499658808658999,-0.418872066141402,-0.7444249269639636,-9.914163798498747,-42.551047886754574,-19.062402608193914,tremor
49,6973224,0.344,-0.5488178788208222,-0.41973527736221655,-0.7385315533379263,-10.53827600329989,-46.21209870736905,-20.018372006281925,tremor
50,6973229,0.349,-0.5473527744655311,-0.4204884740706585,-0.7326648392289731,-11.20266425306488,-49.82536699152539,-20.98035835933355,tremor
51,6973234,0.354,-0.545593212046209,-0.42111967726425703,-0.7268467184422248,-11.90845303576207,-53.3644035791602,-21.947912753924335,tremor
52,6973239,0.359,-0.5435644902717129,-0.421617335336113,-0.7210992735939799,-12.656609121522179,-56.80250976515376,-22.92061728725041,tremor
53,6973243,0.363,-0.5412941962899962,-0.42197040099497,-0.7154446723599648,-13.447904393611717,-60.11306355639101,-23.898058738958564,tremor
54,6973258,0.378,-0.5388118124239948,-0.422168406212729,-0.709905101457335,-14.282878543757207,-63.26985409244507,-24.879801584969037,tremor
55,6973285,0.405,-0.5361483066006729,-0.4222015355744135,-0.704502695596751,-15.16180279852791,-66.24741665290713,-25.865361376756294,tremor
56,6973290,0.41,-0.5333357172936732,-0.42206069833589077,-0.6992594585124182,-16.08464584192879,-69.0213605107066,-26.85417947411746,tremor
57,6973295,0.415,-0.530406743038181,-0.42173759932498284,-0.6941971733326469,-17.051043033328924,-71.56868210000741,-27.84560003003881,tremor
58,6973300,0.42,-0.5273943451954843,-0.4212248085675834,-0.6893373000683312,-18.060269880227626,-73.86805663264096,-28.838849982013404,tremor
59,6973305,0.425,-0.524331370779596,-0.4205158292177227,-0.6847008588876579,-19.111220521825057,-75.90010239164877,-29.833022616732304,tremor
60,6973310,0.43,-0.5212502000161637,-0.4196051630623837,-0.6803082990423351,-20.202391739818935,-77.6476133106282,-30.827065065138903,tremor
61,6973315,0.435,-0.5181824210925158,-0.418488372594697,-0.6761793546823389,-21.331872767758064,-79.09575694601118,-31.819769870752626,tremor
62,6973324,0.444,-0.5151585324432323,-0.4171621384280884,-0.6723328901954226,-22.497340940013906,-80.23223645295738,-32.80977056595331,tremor
63,6973329,0.449,-0.512207671025393,-0.41562431067563105,-0.6687867390007219,-23.696063015956376,-81.04741661888298,-33.79554099385733,tremor
64,6973334,0.454,-0.5093573634796339,-0.4138739528538911,-0.6655575407982869,-24.924901839605482,-81.5344153320231,-34.775397934173085,tremor
65,6973339,0.459,-0.5066332959433909,-0.41191137689404594,-0.6626605830310762,-26.180327854061265,-81.68916299433,-35.747506440163626,tremor
66,6973344,0.464,-0.5040590976542454,-0.40973816795429596,-0.6601096526793837,-27.458434886114194,-81.51043325986498,-36.709887182604206,tremor
67,6973348,0.468,-0.5016561333938764,-0.4073571979205438,-0.6579169044417322,-28.754959551108495,-80.99984904052116,-37.660425037644046,tremor
68,6973358,0.478,-0.49944330029306994,-0.4047726267475266,-0.6560927508581217,-30.06530360482688,-80.16186792870246,-38.59687816047368,tremor
69,6973363,0.483,-0.4974368255639731,-0.4019898911196466,-0.654645779019594,-31.384558596567143,-79.00375099612809,-39.516886865075385,tremor
70,6973368,0.488,-0.49565006339184275,-0.3990156802895945,-0.653582697208981,-32.707532268582305,-77.53551829737194,-40.41798178697922,tremor
71,6973411,0.531,-0.4940932915705308,-0.3958578993728859,-0.6529083131684829,-34.02877631091331,-75.76989332729572,-41.29759103863053,tremor
72,6973421,0.541,-0.4927735115113136,-0.3925256208210621,-0.652625543765277,-35.342615309743366,-73.72223722501772,-42.15304635961192,tremor
73,6973425,0.545,-0.4916942587858807,-0.38902902523241667,-0.6527354537826151,-36.64317698752825,-71.4104718786836,-42.98158857848531,tremor
74,6973430,0.55,-0.49085543486430694,-0.38537933303210586,-0.6532373196432013,-37.92442407084684,-68.85498955532708,-43.780372984404615,tremor
75,6973445,0.565,-0.49025317349496633,-0.3815887288033331,-0.6541287123246996,-39.18018829019395,-66.07854551845149,-44.546475406680806,tremor
76,6973450,0.57,-0.48987975670611666,-0.3776702801408719,-0.655405592708372,-40.404207094829424,-63.106129421749316,-45.2768998995041,tremor
77,6973454,0.574,-0.4897235954744454,-0.373637852825839,-0.6570624121449292,-41.59016365642675,-59.96481108188891,-45.9685889337042,tremor
78,6973459,0.579,-0.489769288759546,-0.369506023909017,-0.6590922110958998,-42.73173064322693,-56.68355650722849,-46.618436924097736,tremor
79,6973464,0.584,-0.48999777204078604,-0.3652899939712504,-0.6614867092650333,-43.82261808029617,-53.293010750059814,-47.223307786910944,tremor
80,6973469,0.589,-0.4903865629820667,-0.3610054994390696,-0.6642363816076866,-44.856625389297406,-49.82524517508642,-47.78005704474927,tremor
81,6973474,0.594,-0.4909101076937204,-0.3566687254087985,-0.6673305159128998,-45.82769744598733,-46.31346799446558,-48.28555879224302,tremor
82,6973483,0.603,-0.4915402265579749,-0.35229621900924857,-0.6707572491996503,-46.729984224323665,-42.791698332783184,-48.73673761355586,tremor
83,6973488,0.608,-0.49224665400484574,-0.3479048029458677,-0.6745035818614699,-47.557903326233124,-39.294405608027695,-49.13060530750188,tremor
84,6973493,0.613,-0.4929976622061814,-0.34351148854989627,-0.6785553702368409,-48.30620443871696,-35.856117613001274,-49.46430202854571,tremor
85,6973498,0.618,-0.49376075459724444,-0.3391333874331547,-0.6828972999788558,-48.970034528629746,-32.511002321704055,-49.73514119454332,tremor
86,6973502,0.622,-0.4945034115855428,-0.3347876207438403,-0.6875128441534161,-49.545002390776915,-29.292430091187803,-49.94065724991608,tremor
87,6973507,0.627,-0.4951938678481382,-0.33049122504199585,-0.6923842113328568,-50.02724101169517,-26.23252454135438,-50.07865511396912,tremor
88,6973536,0.656,-0.49580189828267474,-0.32626105396559774,-0.6974922900107009,-50.413466100387716,-23.361711918998044,-50.14725989723895,tremor
89,6973541,0.661,-0.49629958799846385,-0.32211367513069544,-0.702816596388287,-50.701029071483916,-20.708280081694614,-50.144965249820274,tremor
90,6973546,0.666,-0.4966620608260424,-0.3180652620813246,-0.7083352329130825,-50.88796275820737,-18.29795916250358,-50.07067854935692,tremor
91,6973555,0.675,-0.49686814090084536,-0.3141314815421876,-0.714024864823044,-50.97301820240718,-16.15353622636514,-49.92376109170827,tremor
92,6973560,0.68,-0.4969009231545973,-0.31032737668458255,-0.7198607213568555,-50.955691030610105,-14.294515644366681,-49.70406154400203,tremor
93,6973565,0.685,-0.49674823110399596,-0.3066672475500674,-0.7258166272875519,-50.83623617488291,-12.736835568845091,-49.41194114262386,tremor
94,6973570,0.69,-0.4964029440607796,-0.3031645301533279,-0.7318650691480533,-50.61567001919239,-11.49264901885215,-49.048289422533614,tremor
95,6973575,0.695,-0.49586318058581313,-0.2998316760858497,-0.7379772990730845,-50.2957594273496,-10.570175906360584,-48.614529607132965,tremor
96,6973580,0.7,-0.4951323304030377,-0.29668003465959863,-0.7441234776857423,-49.878997518260135,-9.97363001141909,-48.112613144577814,tremor
97,6973585,0.705,-0.4942189327807959,-0.29371973977092397,-0.7502728559731348,-49.36856647685031,-9.703222565498526,-47.545003233292974,tremor
98,6973590,0.71,-0.49313640527736824,-0.2909596037416314,-0.7563939946589368,-48.76828810219987,-9.755241813834216,-46.91464752733541,tremor
99,6973595,0.715,-0.4919026324499092,-0.28840702041949934,-0.7624550182095302,-48.08256317604502,-10.122205768797796,-46.22494054350148,tremor
100,6973599,0.719,-0.49053942938429057,-0.28606787980379667,-0.7684238993166939,-47.31630106657326,-10.79308339282207,-45.47967659990762,tremor
101,6973604,0.724,-0.48907189949305757,-0.28394649640593395,-0.7742687684976219,-46.47484125271341,-11.75357770189304,-44.68299439407095,tremor
102,6973609,0.729,-0.487527709758189,-0.2820455534572773,-0.7799582423636946,-45.56386865764024,-12.986462786497487,-43.83931457127373,tremor
103,6973614,0.734,-0.4859363093025955,-0.28036606492445243,-0.785461763161804,-44.5893248154907,-14.471965524671537,-42.953271835138,tremor
104,6973619,0.739,-0.4843281187302524,-0.2789073570723358,-0.790749941419793,-43.55731696353271,-16.188181822539978,-42.02964330602895,tremor
105,6973624,0.744,-0.48273371800440135,-0.2776670710120896,-0.7957948929666351,-42.474027157184395,-18.111516564830875,-41.07327493362961,tremor
106,6973629,0.749,-0.4811830597384108,-0.2766411872757287,-0.8005705612857873,-41.34562345319971,-20.21713608906196,-40.089007812603995,tremor
107,6973655,0.775,-0.47970473273512615,-0.27582407296568334,-0.8050530161347897,-40.17817510238735,-22.479421910108975,-39.081606231137464,tremor
108,6973660,0.78,-0.4783252975760169,-0.2752085514446092,-0.8092207196666464,-38.977573540034975,-24.872414623719248,-38.055689201409415,tremor
109,6973665,0.785,-0.4770687122514365,-0.2747859938843405,-0.8130547519666453,-37.74946076002448,-27.370237432525975,-37.01566708251955,tremor
110,6973670,0.79,-0.4759558615326696,-0.2745464313342977,-0.8165389890146048,-36.49916640965907,-29.947489591645798,-35.965684716190054,tremor
111,6973675,0.795,-0.4750041993394023,-0.27447868536047815,-0.8196602275958204,-35.23165465626176,-32.579601244764056,-34.90957226263238,tremor
112,6973679,0.799,-0.4742275090269555,-0.2745705147957328,-0.8224082535373728,-33.95148157145699,-35.24314253230803,-33.850804660720065,tremor
113,6973684,0.804,-0.47363578248339105,-0.27480877575541035,-0.8247758517016986,-32.66276347391931,-37.91608139166564,-32.792470356443296,tremor
114,6973689,0.809,-0.47323521527919893,-0.2751795918150772,-0.8267587582717826,-31.3691563801968,-40.577986053633865,-31.737249657692615,tremor
115,6973694,0.814,-0.4730283118914264,-0.275668531113998,-0.8283555578752485,-30.073846443540805,-43.210169826380834,-30.68740279041197,tremor
116,6973699,0.819,-0.47301409224208385,-0.27626078712919866,-0.8295675299127279,-28.779551015766373,-45.79577732537776,-29.64476745872532,tremor
117,6973704,0.824,-0.47318838844472266,-0.2769413599463813,-0.830398450008608,-27.488529747975484,-48.31981283702188,-28.610765456996894,tremor
118,6973709,0.829,-0.473544218729832,-0.27769523501886506,-0.8308543537501284,-26.20260495264792,-50.76911297664876,-27.586417651236076,tremor
119,6973714,0.834,-0.47407222399686133,-0.2785075566349452,-0.8309432708067734,-24.92319028233126,-53.13226719747255,-26.5723664456357,tremor
120,6973718,0.838,-0.4747611512927307,-0.27936379358788965,-0.8306749381240272,-23.651326639230113,-55.39949099986695,-25.568904680837264,tremor
121,6973723,0.843,-0.47559836772358777,-0.28024989484294494,-0.8300605011729026,-22.38772411599137,-57.56245785000005,-24.57600977617311,tremor
122,6973728,0.848,-0.4765703878597891,-0.281152433306795,-0.8291122122264928,-21.132808682194806,-59.61409681523753,-23.59338182961187,tremor
123,6973733,0.853,-0.4776633975992665,-0.28205873611491905,-0.8278431343494201,-19.88677227525016,-61.548363742141156,-22.62048432583107,tremor
124,6973738,0.858,-0.4788637577329199,-0.2829570001527691,-0.8262668592508485,-18.649624930157,-63.359994430490985,-21.656586073746784,tremor
125,6973743,0.863,-0.4801584711420257,-0.2838363918127852,-0.8243972463956051,-17.421247590555833,-65.04424868558009,-20.700802999919773,tremor
126,6973747,0.867,-0.48153559868855395,-0.2846871302597134,-0.8222481898246703,-16.201444282207373,-66.59665435464872,-19.752138464922545,tremor
127,6973752,0.872,-0.48298461045912955,-0.28550055373332617,-0.8198334180431209,-14.989992395257264,-68.01276046880353,-18.80952084837638,tremor
128,6973779,0.899,-0.48449666109628586,-0.2862691686642088,-0.8171663311288092,-13.786689908016115,-69.28790841693247,-17.87183726706895,tremor
129,6973784,0.904,-0.4860647804771736,-0.2869866816184708,-0.8142598779381125,-12.591398488592377,-70.41702965548885,-16.937962448952586,tremor
130,6973794,0.914,-0.48768397392756063,-0.28764801432263465,-0.8111264749803361,-11.404081530076386,-71.39447775586991,-16.006781979999076,tremor
131,6973799,0.919,-0.48935122938967074,-0.2882493022488005,-0.8077779672484174,-10.224836310615204,-72.21390154100496,-15.077209366191939,tremor
132,6973804,0.924,-0.4910654323548875,-0.2887878774585526,-0.8042256300715839,-9.053919623866475,-72.86816464117236,-14.14819660719842,tremor
133,6973813,0.933,-0.49282719276905107,-0.2892622366083154,-0.8004802099154547,-7.891766400972923,-73.34931506711098,-13.218738259708685,tremor
134,6973818,0.938,-0.49463859137852667,-0.2896719952072151,-0.7965520009954512,-6.7390010435586465,-73.64860647301623,-12.287869269488054,tremor
135,6973828,0.948,-0.4965028559980164,-0.2900178293905828,-0.7924509535817795,-5.596441405534671,-73.75657078384302,-11.35465715481567,tremor
136,6973838,0.958,-0.4984239808498881,-0.2903014066277629,-0.7881868089574446,-4.465095592646917,-73.66313989611706,-10.418189405550367,tremor
137,6973842,0.962,-0.5004063043484204,-0.2905253069205389,-0.7837692551588331,-3.346151981046058,-73.357812327928,-9.4775571947844,tremor
138,6973848,0.968,-0.5024540623673884,-0.29069293616540276,-0.7792080969130035,-2.2409630738651742,-72.82985908780378,-8.531836661739687,tremor
139,6973852,0.972,-0.5045709350225626,-0.2908084334446495,-0.7745134326317117,-1.15102400269762,-72.0685617273757,-7.580069104741307,tremor
140,6973862,0.982,-0.5067596052371542,-0.2908765740724801,-0.7696958309766768,-0.07794663063028313,-71.06347456447915,-6.621241426446458,tremor
141,6973867,0.987,-0.509021346803224,-0.2909026702471697,-0.7647664994145271,0.9765696773164325,-69.80470239731783,-5.65426811465967,tremor
142,6973872,0.992,-0.5113556583178025,-0.290892471142909,-0.7597374373663789,2.0107694850892646,-68.28318466678878,-4.67797593472916,tremor
143,6973877,0.997,-0.5137599573052832,-0.29085206420942034,-0.7546215670523899,3.0228737712290505,-66.49097698197126,-3.691092360037214,tremor
144,6973904,1.024,-0.5162293461174685,-0.2907877793301787,-0.7494328359501777,4.011112361268779,-64.42152122532086,-2.6922385775088906,tremor
145,6973909,1.029,-0.5187564579547516,-0.2907060973216239,-0.7441862859209386,4.97375528956726,-62.06989609447762,-1.6799276802046545,tremor
146,6973914,1.034,-0.5213313877574564,-0.2906135640420632,-0.7388980854736985,5.909142210992332,-59.43304089359585,-0.6525684100134099,tremor
147,6973919,1.039,-0.5239417090020223,-0.2905167111303858,-0.7335855232702527,6.81570916264647,-56.50994663030693,0.39152544421071567,tremor
148,6973928,1.048,-0.5265725738297722,-0.29042198412357617,-0.7282669627259356,7.6920121875611045,-53.30180994815227,1.454120137771443,tremor
149,6973933,1.053,-0.5292068906142486,-0.29033567841968205,-0.7229617593218244,8.536747557294238,-49.81214702499419,2.5370419238094826,tremor
150,6973938,1.058,-0.5318255701579995,-0.2902638832681067,-0.7176901438964526,9.348768546735768,-46.046866174968855,3.6421524398852445,tremor
151,6973943,1.063,-0.5344078292917159,-0.2902124336883136,-0.712473076621852,10.127098905009829,-42.01429941191719,4.771320257189541,tremor
152,6973947,1.067,-0.5369315387959304,-0.2901868699469374,-0.7073320775030383,10.870943321266603,-37.72519461543298,5.926389441895077,tremor
153,6973952,1.072,-0.5393736013127466,-0.2901924039681258,-0.7022890400192303,11.579695298705762,-33.192671167067715,7.109146060055133,tremor
154,6973957,1.077,-0.5417103442646575,-0.2902338918205033,-0.6973660349313231,12.252942922494848,-28.43214298386145,8.321283604545545,tremor
155,6973967,1.087,-0.5439179127374446,-0.2903158112264649,-0.6925851113186167,12.890473037197378,-23.46121375239082,9.564368337537326,tremor
156,6973972,1.092,-0.5459726478052574,-0.2904422428887053,-0.6879681015948648,13.49227433874803,-18.29954982828413,10.83980552661601,tremor
157,6973976,1.096,-0.5478514368812142,-0.2906168543422533,-0.6835364366115998,14.05853983957478,-12.968736664444336,12.148807506414293,tremor
158,6973986,1.106,-0.5495320243811186,-0.2908428850384571,-0.6793109760148277,14.589669091174068,-7.492124702299074,13.492364416081687,tremor
159,6973991,1.111,-0.550993273302583,-0.291123131468728,-0.6753118578226048,15.086270456019944,-1.8946703477687132,14.871218337984281,tremor
160,6973996,1.116,-0.5522153712344551,-0.29145993134819403,-0.671558369797794,15.549163616872946,3.7972230771168496,16.285841384874807,tremor
161,6974001,1.121,-0.5531799777789442,-0.29185514619550024,-0.6680688436788726,15.979382395439247,9.555860683525523,17.736418042979608,tremor
162,6974038,1.158,-0.5538703143204523,-0.2923101420445247,-0.6648605717785665,16.37817781509608,15.352405543222831,19.22283177603988,tremor
163,6974043,1.163,-0.5542712013877299,-0.29282576847896125,-0.6619497439314782,16.747021171071115,21.157022240507803,20.744655546983996,tremor
164,6974057,1.177,-0.5543690532817861,-0.29340233666197785,-0.6593514013265795,17.087606655098746,26.939016466256373,22.3011455636524,tremor
165,6974062,1.182,-0.5541518437462224,-0.2940395975134576,-0.6570794024601528,17.401852822985628,32.6669747723296,23.891237269001774,tremor
166,6974072,1.192,-0.5536090596674587,-0.2947367216427286,-0.6551463953593782,17.69190192271542,38.30891031443511,25.513542436052152,tremor
167,6974077,1.197,-0.552731661570137,-0.29549228305014696,-0.6535637894341672,17.96011587222041,43.83242145735711,27.166346224633717,tremor
168,6974092,1.212,-0.5515120696801785,-0.29630424893427176,-0.6523417199031509,18.20906754542389,49.20487035007237,28.84760320791265,tremor
169,6974096,1.216,-0.5499441924918724,-0.2971699781402439,-0.6514889978107651,18.441526029273664,54.39358798934735,30.554931654754615,tremor
170,6974101,1.221,-0.5480235112490555,-0.29808623080832736,-0.6510130393125875,18.660434669483628,59.366110953526366,32.28560571797965,tremor
171,6974106,1.226,-0.5457472288371199,-0.29904919157926585,-0.650919769232408,18.868881028536155,64.09045300488958,34.03654558397445,tremor
172,6974116,1.236,-0.5431144856682276,-0.30005450825407587,-0.6512134958876425,19.070058318428558,68.53541225112876,35.804306048073535,tremor
173,6974121,1.241,-0.5401266386446836,-0.3010973470937134,-0.6518967567400432,19.267218409026814,72.67091168064027,37.58506436368434,tremor
174,6974125,1.245,-0.5367875926218111,-0.3021724650154415,-0.6529701373702298,19.463617112197007,76.46836781756757,39.37460854845268,tremor
175,6974158,1.278,-0.5331041673694915,-0.3032742978549194,-0.6544320693548943,19.662453066307034,79.90107916170373,41.16832759811163,tremor
176,6974167,1.287,-0.5290864772945041,-0.30439706269236383,-0.6562786155601522,19.866802149148604,82.94462323893083,42.961205234487764,tremor
177,6974172,1.292,-0.5247482967179027,-0.30553487109911626,-0.6585032538235482,20.07954984853675,85.5772489203937,44.74781886009092,tremor
178,6974177,1.297,-0.5201073810379779,-0.30668184919646174,-0.6610966716379596,20.303324312310696,87.78024969133163,46.5223452652226,tremor
179,6974182,1.302,-0.5151857142744793,-0.30783225977391954,-0.6640465850338486,20.540432818103945,89.53830400884019,48.27857433120373,tremor
180,6974187,1.307,-0.5100096564348219,-0.3089806214630142,-0.6673375943651647,20.792804176846992,90.83977052164329,50.009931555121526,tremor
181,6974192,1.312,-0.5046099694699469,-0.31012182009177536,-0.6709510883304713,21.061939202330773,91.67692819765355,51.70950977382589,tremor
182,6974197,1.317,-0.49902170759839976,-0.3112512077906594,-0.6748652055761274,21.348870922398763,92.0461538872323,53.37011004792029,tremor
183,6974202,1.322,-0.4932839657345229,-0.3123646861071458,-0.679054860876151,21.654135719474095,91.94803233315966,54.984291302411,tremor
184,6974206,1.326,-0.4874394879762505,-0.3134587702440142,-0.683491840349157,21.97775609283123,91.3873960328577,56.54442801213542,tremor
185,6974211,1.331,-0.48153414596514565,-0.31453063250094043,-0.6881449675909892,22.31923525045217,90.37329460849584,58.04277496519148,tremor
186,6974221,1.341,-0.47561630388323073,-0.31557812401080465,-0.6929803400659706,22.67756328062463,88.91889540276019,59.4715379350401,tremor
187,6974226,1.346,-0.469736092469044,-0.3165997748658288,-0.6979616326746069,23.051234239918493,87.04131885272385,60.82294894249859,tremor
188,6974230,1.35,-0.46394461840117884,-0.31759477367261457,-0.7030504631517808,23.438273148033822,84.76141375502915,62.089344694595304,tremor
189,6974235,1.355,-0.45829313749134104,-0.3185629284107046,-0.7082068118953244,23.836271627243917,82.10347877833674,63.26324674759267,tremor
190,6974240,1.36,-0.45283222026411213,-0.31950461115518,-0.7133894870273457,24.242430779488746,79.09493749613925,64.33744194825219,tremor
191,6974250,1.37,-0.4476109367764605,-0.3204206897313843,-0.7185566239932492,24.653609851484358,75.76597485150492,65.30506174583341,tremor
192,6974278,1.398,-0.4426760842308189,-0.32131244968174794,-0.7236662078527705,25.066379275972583,72.14914339630306,66.1596590231706,tremor
193,6974283,1.403,-0.4380714765038953,-0.32218151003097684,-0.7286766056814868,25.477076766057447,68.27894791684218,66.89528116156622,tremor
194,6974288,1.408,-0.43383730975191,-0.323029736240348,-0.733547096280142,25.88186524228686,64.19141716085551,67.50653813424796,tremor
195,6974292,1.412,-0.43000961346753336,-0.3238591534756679,-0.7382383847856426,26.27679145115659,59.92367127710986,67.98866452769012,tremor
196,6974297,1.417,-0.4266197923521401,-0.3246718629361481,-0.7427130908257941,26.65784417295435,55.51349323743644,68.33757452935014,tremor
197,6974312,1.432,-0.4236942613915577,-0.32546996357072694,-0.746936200473018,27.021010933627366,50.998911941606636,68.54990909342717,tremor
198,6974321,1.441,-0.42125417448844926,-0.3262554810948903,-0.7508754742447746,27.36233216478704,46.41780394307227,68.62307469015383,tremor
199,6974326,1.446,-0.41931524561108985,-0.32703030583509274,-0.7545018055478476,27.677951828164623,41.807519800291665,68.5552732424916,tremor
200,6974336,1.456,-0.41788766032174895,-0.32779614055989176,-0.7577895260591679,27.964163651095095,37.20453995640938,68.34552304529659,tremor
201,6974341,1.461,-0.4169760744560468,-0.32855445907941194,-0.7607166564128668,28.217452306202784,32.64416378974564,67.99367064187967,tremor
202,6974346,1.466,-0.41657969546385176,-0.3293064759821098,-0.7632651021328124,28.43452909374759,28.160234099697544,67.50039380359982,tremor
203,6974350,1.47,-0.4166924404551265,-0.3300531274228411,-0.7654207960001945,28.612361925384814,23.784897859405994,66.86719592473051,tremor
204,6974360,1.48,-0.41730316338022927,-0.3307950623945909,-0.7671737890121444,28.748199646789494,19.548402638976437,66.09639231029738,tremor
205,6974365,1.485,-0.41839594211670084,-0.33153264344132494,-0.7685182928215077,28.839590968745547,15.4789267354232,65.19108899674653,tremor
206,6974370,1.49,-0.419950414651277,-0.3322659553461462,-0.7694526771040372,28.884398504659647,11.602439796281605,64.15515489740545,tremor
207,6974401,1.521,-0.42194215216380465,-0.3329948200060614,-0.7699794257267792,28.88080863997443,7.942589667106833,62.99318819585741,tremor
208,6974411,1.531,-0.4243430557933098,-0.33371881552220395,-0.7701050559191619,28.827338173039067,4.520610440471948,61.71047800058222,tremor
209,6974420,1.54,-0.42712176342420966,-0.33443729751243745,-0.7698400048653139,28.722838818632106,1.3552464135947,60.31296229010415,tremor
210,6974426,1.546,-0.4302440532799543,-0.33514942079162213,-0.7691984881882588,28.56650067784524,-1.5373129392228413,58.80718308874656,tremor
211,6974430,1.55,-0.4336732327029073,-0.3358541598495201,-0.768198334614126,28.3578556049967,-4.143490784314973,57.200239624885036,tremor
212,6974435,1.555,-0.4373705032329515,-0.33655032696392917,-0.7668608006459978,28.09678107652016,-6.452375801682029,55.499739986924794,tremor
213,6974440,1.56,-0.4412952966793973,-0.33723658728550965,-0.7652103683532538,27.78350477669707,-8.455770733627835,53.713751565404834,tremor
214,6974445,1.565,-0.4454055808597094,-0.33791147078255074,-0.7632745284479434,27.418609740993556,-10.14823572221726,51.85075038269709,tremor
215,6974450,1.57,-0.4496581375929881,-0.3385733814954689,-0.7610835497530436,27.003039581155704,-11.527124276338794,49.919569269072134,tremor
216,6974455,1.575,-0.45400881898349305,-0.33922060507607776,-0.7586702350559832,26.538103070210003,-12.592608698111562,47.92934474359422,tremor
217,6974465,1.585,-0.45841279069604046,-0.3398513160302465,-0.7560696622754245,26.025477192783793,-13.347691062946517,45.88946240032334,tremor
218,6974470,1.59,-0.4628247726061214,-0.34046358640361024,-0.7533189089457679,25.467207668769003,-13.79819540577147,43.80950058505298,tremor
219,6974475,1.595,-0.46719928780215014,-0.34105539781305144,-0.7504567573501584,24.865705940922123,-13.952736637960404,41.69917217489947,tremor
220,6974480,1.6,-0.47149093040958645,-0.34162465870262826,-0.7475233773299158,24.223741682892864,-13.822661911633837,39.568264339772746,tremor
221,6974485,1.605,-0.47565466116802285,-0.3421692284759104,-0.7445599839779948,23.544430026727383,-13.421960633214871,37.42657626408371,tremor
222,6974489,1.609,-0.4796461372925055,-0.342686949735064,-0.7416084681519572,22.83121290855641,-12.767140049684938,35.28385492897784,tremor
223,6974494,1.614,-0.48342208013640414,-0.3431756892731604,-0.7387109990182464,22.087834164180208,-11.877064229184505,33.149729191787976,tremor
224,6974527,1.647,-0.48694068081696623,-0.3436333877695657,-0.7359095996066133,21.318308254387794,-10.772755290160477,31.03364254647765,tremor
225,6974532,1.652,-0.49016204053049656,-0.3440581173898525,-0.7332456984967698,20.526882751447648,-9.477156874583253,28.944785102646495,tremor
226,6974536,1.656,-0.4930486390357388,-0.3444481457668436,-0.7307596630783796,19.717994963767403,-8.014861093294524,26.89202546978771,tremor
227,6974546,1.666,-0.4955658219784678,-0.3448020042233563,-0.7284903220265202,18.896223305435015,-6.41180147881489,24.883843360616428,tremor
228,6974551,1.671,-0.49768229555068894,-0.3451185576578266,-0.7264744864106575,18.06623422230228,-4.694915838255501,22.928263822157664,tremor
229,6974556,1.676,-0.4993706154656646,-0.3453970732724028,-0.7247464800072482,17.232725660468596,-2.8917842631269473,21.03279407026679,tremor
230,6974561,1.681,-0.5006076563056191,-0.34563728525552156,-0.7233376898697714,16.40036820468062,-1.0302488614393221,19.20436395249414,tremor
231,6974566,1.686,-0.5013750468471184,-0.3458394525968427,-0.7222761480867907,15.573745126556306,0.8619770382445845,17.44927110068246,tremor
232,6974576,1.696,-0.5016595569008799,-0.3460044073775816,-0.7215861550335954,14.75729267343207,2.7577014641439863,15.773131858772992,tremor
233,6974580,1.7,-0.5014534214726556,-0.34613359112230635,-0.7212879534113987,13.955242006400185,4.630638667238613,14.180839082146218,tremor
234,6974590,1.71,-0.5007545886622592,-0.3462290771082893,-0.7213974610809193,13.17156426339039,6.455776371590395,12.676527896221922,tremor
235,6974595,1.715,-0.4995668787219453,-0.34629357690160284,-0.7219260692323494,12.40992027003628,8.209715531273572,11.26355045525441,tremor
236,6974600,1.72,-0.497900043186531,-0.34633042982431816,-0.722880510869344,11.673616420958519,9.870973272595236,9.94446062681264,tremor
237,6974605,1.725,-0.49576971507219453,-0.34634357455314074,-0.7242628029727985,10.965568169004106,11.420240827700024,8.721009316096477,tremor
238,6974610,1.73,-0.49319724390421227,-0.3463375026043121,-0.7260702640745813,10.28827235734725,12.840589930131028,7.5941508343497075,tremor
239,6974615,1.735,-0.49020941281408903,-0.3463171940703353,-0.7282956073118251,9.643789299352902,14.117623232862334,6.564060335685555,tremor
240,6974619,1.739,-0.4868380391249865,-0.346288036639476,-0.730927107333054,9.033735071328161,15.23956666641527,5.630161939508268,tremor
241,6974647,1.767,-0.483119464637953,-0.3462557296457625,-0.733948837668214,8.459283972290727,16.197304118722744,4.791166758130286,tremor
242,6974651,1.771,-0.47909394703691466,-0.3462261756490472,-0.7373409733513178,7.921180577563359,16.984357226052737,4.045119689256148,tremor
243,6974661,1.781,-0.4748049690151411,-0.3462053627821845,-0.741080151740427,7.419760340887068,17.596815200717103,3.3894535411339275,tremor
244,6974666,1.786,-0.4702984862075805,-0.34619924173445515,-0.7451398827287404,6.954977356049794,18.033221234960017,2.821048868194572,tremor
245,6974671,1.791,-0.46562213807749653,-0.3462136016608558,-0.7494909980479476,6.5264377107552685,18.29442295408572,2.3362978267631536,tremor
246,6974676,1.796,-0.46082444712737025,-0.34625394944163557,-0.7541021282924346,6.133436831965054,18.383394682296142,1.9311704057843606,tremor
247,6974681,1.801,-0.4559540311756598,-0.3463253965495888,-0.7589401957473868,5.774999281177984,18.3050390969961,1.6012815185794214,tremor
248,6974686,1.806,-0.4510588512507291,-0.34643255734772027,-0.7639709111202841,5.449919567854069,18.0659753429339,1.34195762766054,tremor
249,6974691,1.811,-0.4461855143041562,-0.3465794619971956,-0.7691592628298433,5.156802691202545,17.674319962707063,1.148301789285729,tremor
250,6974696,1.816,-0.4413786458506599,-0.34676948637404287,-0.7744699885380569,4.894103291127248,17.139466145725102,1.0152562269817778,tremor
251,6974701,1.821,-0.43668034318453236,-0.3470053005410635,-0.7798680200340886,4.660162487293216,16.47186586141166,0.937661759264591,tremor
252,6974706,1.826,-0.43212971533842465,-0.3472888364599828,-0.7853188942882914,4.453241706805542,15.68281847683479,0.9103136070132566,tremor
253,6974715,1.835,-0.42776251171368956,-0.34762127480738536,-0.7907891253726453,4.271553037281137,14.784268514819363,0.9280132834033767,tremor
254,6974725,1.845,-0.42361083753585627,-0.3480030500128443,-0.7962465338667549,4.113285880501609,13.788614337037142,0.985616417431402,tremor
255,6974730,1.85,-0.4197029511498809,-0.34843387199607767,-0.801660532206966,3.9766299046604083,12.708528790138773,1.078076474777307,tremor
256,6974735,1.855,-0.4160631358256723,-0.34891276256482895,-0.8070023660569887,3.859794478407878,11.556792281221783,1.200484412703446,tremor
257,6974739,1.859,-0.4127116373170892,-0.3494381040649035,-0.812245313065815,3.7610248982664096,10.346138382354859,1.3481043389244227,tremor
258,6974744,1.864,-0.40966465794228174,-0.3500076976567895,-0.8173648412680687,3.678615786108718,9.089111896425463,1.5164052440012181,tremor
259,6974771,1.891,-0.4069343983501574,-0.35061882852478693,-0.8223387298751113,3.610922043704719,7.7979393077442785,1.7010888529159696,tremor
260,6974775,1.895,-0.40452913923170813,-0.3512683353909797,-0.8271471553571459,3.5563677226264185,6.484411635067433,1.898113605562802,tremor
261,6974785,1.905,-0.40245335678287814,-0.3519526818920062,-0.8317727456156823,3.5134531153195767,5.159779843606316,2.1037147411090804,tremor
262,6974790,1.91,-0.40070786743410236,-0.3526680276641651,-0.8362006048003187,3.4807603094917097,3.834663097830869,2.314420441623665,tremor
263,6974795,1.915,-0.3992899989312461,-0.3534102973479243,-0.8404183110418529,3.456957383784665,2.5189702002286527,2.5270639956374836,tremor
264,6974805,1.925,-0.39819378605355493,-0.35417524613295487,-0.8444158891363246,3.4408013669377517,1.2218345380013107,2.73879197317647,tremor
265,6974810,1.93,-0.39741018997417626,-0.3549585208820641,-0.8481857600622071,3.431140042305458,-0.04843725044237293,2.9470684544586607,tremor
266,6974814,1.934,-0.39692734050090134,-0.35575571626398816,-0.8517226691520068,3.426912659469519,-1.2844028597565955,3.149675417143702,tremor
267,6974819,1.939,-0.39673080023520174,-0.356562425666604,-0.855023594756525,3.4271496162263673,-2.4795083556307747,3.3447094542163707,tremor
268,6974824,1.944,-0.39680384914429095,-0.3573742869381712,-0.8580876393123101,3.430971193966101,-3.628099125509789,3.5305750594400904,tremor
269,6974834,1.954,-0.397127787260121,-0.3581870232076716,-0.8609159048243907,3.437585459312464,-4.725418454036753,3.7059747743404983,tremor
270,6974839,1.959,-0.39768225231843146,-0.35899647916699773,-0.8635113548816373,3.446285474732241,-5.76759465961622,3.8698965356824115,tremor
271,6974848,1.968,-0.398445548252385,-0.359798653264423,-0.865878665408021,3.456445980913649,-6.751617901326291,4.021598592086269,tremor
272,6974853,1.973,-0.39939497967976095,-0.36058972627108254,-0.8680240664003308,3.467519716498435,-7.675307868842344,4.160592371196991,tremor
273,6974863,1.983,-0.4005071869801198,-0.3613660866530354,-0.8699551768974082,3.4790335232275345,-8.537273597186765,4.286623676249219,tremor
274,6974868,1.988,-0.4017584763331295,-0.36212435312478,-0.8716808353606325,3.490584350024085,-9.33686661527978,4.399652577284112,tremor
275,6974894,2.014,-0.403125139222828,-0.3628613946885844,-0.8732109275221618,3.5018352260748418,-10.074128565542305,4.499832342069776,tremor
276,6974898,2.018,-0.40458375638756305,-0.3635743483867333,-0.874556213588289,3.512511229595515,-10.749734344647587,4.587487727690155,tremor
277,6974908,2.028,-0.4061114819297158,-0.36426063491499816,-0.8757281564926391,3.522395442846992,-11.364931731693643,4.663092927751931,tremor
278,6974913,2.033,-0.40768630416490126,-0.3649179721659695,-0.87673875270768,3.5313248596698203,-11.921478402748411,4.727249444698624,tremor
279,6974918,2.038,-0.40928728065528414,-0.36554438669052525,-0.8776003669715449,3.539186201037983,-12.421577185539235,4.780664134187626,tremor
280,6974923,2.043,-0.41089474564114153,-0.36613822298700677,-0.8783255721871089,3.5459115958588883,-12.867810381805011,4.824127649757259,tremor
281,6974932,2.052,-0.4124904887138343,-0.36669815045549253,-0.8789269957029503,3.5514740958968574,-13.263073968901661,4.858493500427058,tremor
282,6974937,2.057,-0.4140579040559272,-0.3672231677947658,-0.8794171731812568,3.5558830126072634,-13.610512478580423,4.884657920206396,tremor
283,6974951,2.071,-0.415582109929976,-0.3677126045774816,-0.8798084112803077,3.5591790872661577,-13.91345533476153,4.903540735539757,tremor
284,6974966,2.086,-0.4170500383614514,-0.3681661197188616,-0.8801126604104879,3.5614295310269846,-14.175355410789747,4.916067403503233,tremor
285,6974971,2.091,-0.41845049517272076,-0.3685836965591766,-0.8803413988416959,3.5627229948467187,-14.39973053633544,4.9231523796534935,tremor
286,6974975,2.095,-0.41977419071928496,-0.36896563431250007,-0.8805055294225209,3.563164547173803,-14.590108639743478,4.925683960109382,tremor
287,6974980,2.1,-0.4210137418842988,-0.3693125356942881,-0.8806152900950426,3.5628707477152948,-14.749977149588295,4.924510728026126,tremor
288,6974985,2.105,-0.4221636461203739,-0.36962529062610944,-0.8806801792404995,3.5619649082826474,-14.882737199613986,4.920429719547199,tremor
289,6974990,2.11,-0.4232202285945049,-0.3699050560224149,-0.8807088966716811,3.5605726280426726,-14.991663087327709,4.914176407501105,tremor
290,6975015,2.135,-0.42418156378902855,-0.37015323178527676,-0.8807093008105111,3.5588176825437148,-15.07986733225977,4.906416582043596,tremor
291,6975020,2.14,-0.42504737323053354,-0.3703714332618147,-0.8806883822719832,3.5568183357499645,-15.150271569030368,4.897740186289112,tremor
292,6975025,2.145,-0.42581890134951145,-0.37056146054792527,-0.8806522537392969,3.5546841338964663,-15.205583396865295,4.888657141675365,tremor
293,6975034,2.154,-0.4264987718050328,-0.3707252651418944,-0.8806061556824566,3.552513230632864,-15.248279195875872,4.879595172147692,tremor
294,6975039,2.159,-0.4270908269294328,-0.3708649145538704,-0.8805544771639761,3.5503902848337727,-15.280592815949577,4.870899608688401,tremor
295,6975044,2.164,-0.4275999532480626,-0.37098255555676457,-0.8805007907021347,3.54838496441128,-15.304509949189187,4.862835126933151,tremor
